0110110001101111011100110111010101110010011001010010111000000000

0110011000010000010000000101001100010111010001011111101111100011

0101001101101000011001010110110001101100011100110110100001101111
0110001101101011001011000010000001100001011011000111001101101111
0010000001101011011011100110111101110111011011100010000001100001
0111001100100000010000100110000101110011011010000110010001101111
0110111101110010001011000010000001101001011100110010000001100001
0010000001100110011000010110110101101001011011000111100100100000
0110111101100110001000000111001101100101011000110111010101110010
0110100101110100011110010010000001100010011101010110011101110011
0010000001101001011011100010000001110100011010000110010100100000
0111011101101001011001000110010101101100011110010010000001110101
0111001101100101011001000010000001010101011011100110100101111000
0010000001000010011000010111001101101000001000000111001101101000
0110010101101100011011000010110000100000011101000110100001100101
0010000001100110011010010111001001110011011101000010000001101111
0110011000100000011101110110100001101001011000110110100000100000
0111011101100001011100110010000001100100011010010111001101100011
0110110001101111011100110110010101100100001000000110111101101110
0010000000110010001101000010000001010011011001010111000001110100
0110010101101101011000100110010101110010001000000011001000110000
0011000100110100001011100010000001001101011000010110111001111001
0010000001001001011011100111010001100101011100100110111001100101
0111010000101101011001100110000101100011011010010110111001100111
0010000001110011011001010111001001110110011010010110001101100101
0111001100101100001000000111001101110101011000110110100000100000
0110000101110011001000000111001101101111011011010110010100100000
0111011101100101011000100010000001110011011001010111001001110110
0110010101110010001000000110010001100101011100000110110001101111
0111100101101101011001010110111001110100011100110010110000100000
0111010101110011011001010010000001000010011000010111001101101000
0010000001110100011011110010000001110000011100100110111101100011
0110010101110011011100110010000001100011011001010111001001110100
0110000101101001011011100010000001110010011001010111000101110101
0110010101110011011101000111001100101100001000000110000101101100
0110110001101111011101110110100101101110011001110010000001100001
0110111000100000011000010111010001110100011000010110001101101011
0110010101110010001000000111010001101111001000000110001101100001
0111010101110011011001010010000001110110011101010110110001101110
0110010101110010011000010110001001101100011001010010000001110110
0110010101110010011100110110100101101111011011100111001100100000
0110111101100110001000000100001001100001011100110110100000100000
0111010001101111001000000110010101111000011001010110001101110101
0111010001100101001000000110000101110010011000100110100101110100
0111001001100001011100100111100100100000011000110110111101101101
0110110101100001011011100110010001110011001011100010000001010100
0110100001101001011100110010000001100011011000010110111000100000
0110000101101100011011000110111101110111001000000110000101101110
0010000001100001011101000111010001100001011000110110101101100101
0111001000100000011101000110111100100000011001110110000101101001
0110111000100000011101010110111001100001011101010111010001101000
0110111101110010011010010111101001100101011001000010000001100001
0110001101100011011001010111001101110011001000000111010001101111
0010000001100001001000000110001101101111011011010111000001110101
0111010001100101011100100010000001110011011110010111001101110100
0110010101101101001011100010000001000001011101000111010001100001
0110001101101011011001010111001001110011001000000110010101111000
0111000001101100011011110110100101110100011001010110010000100000
0101001101101000011001010110110001101100011100110110100001101111
0110001101101011001000000111011101101001011101000110100001101001
0110111000100000011010000110111101110101011100100111001100100000
0110111101100110001000000111010001101000011001010010000001101001
0110111001101001011101000110100101100001011011000010000001100100
0110100101110011011000110110110001101111011100110111010101110010
0110010100100000011000100111100100100000011000110111001001100101
0110000101110100011010010110111001100111001000000110001001101111
0111010001101110011001010111010001110011001000000110111101100110
0010000001100011011011110110110101110000011100100110111101101101
0110100101110011011001010110010000100000011000110110111101101101
0111000001110101011101000110010101110010011100110010000001110100
0110111100100000011100000110010101110010011001100110111101110010
0110110100100000011001000110100101110011011101000111001001101001
0110001001110101011101000110010101100100001000000110010001100101
0110111001101001011000010110110000101101011011110110011000101101
0111001101100101011100100111011001101001011000110110010100100000
0110000101110100011101000110000101100011011010110111001100100000
0110000101101110011001000010000001110110011101010110110001101110
0110010101110010011000010110001001101001011011000110100101110100
0111100100100000011100110110001101100001011011100110111001101001
0110111001100111001011100010000001010011011001010110001101110101
0111001001101001011101000111100100100000011000110110111101101101
0111000001100001011011100110100101100101011100110010000001110010
0110010101100011011011110111001001100100011001010110010000100000
0110110101101001011011000110110001101001011011110110111001110011
0010000001101111011001100010000001100001011101000111010001100001
0110001101101011011100110010000001100001011011100110010000100000
0111000001110010011011110110001001100101011100110010000001110010
0110010101101100011000010111010001100101011001000010000001110100
0110111100100000011101000110100001100101001000000110001001110101
0110011100100000011010010110111000100000011101000110100001100101
0010000001100100011000010111100101110011001000000110011001101111
0110110001101100011011110111011101101001011011100110011100100000
0111010001101000011001010010000001100100011010010111001101100011
0110110001101111011100110111010101110010011001010010111000000000

0101001101101000011001010110110001101100011100110110100001101111
0110001101101011001011000010000001100001011011000111001101101111
0010000001101011011011100110111101110111011011100010000001100001
0111001100100000010000100110000101110011011010000110010001101111
0110111101110010001011000010000001101001011100110010000001100001
0010000001100110011000010110110101101001011011000111100100100000
0110111101100110001000000111001101100101011000110111010101110010
0110100101110100011110010010000001100010011101010110011101110011
0010000001101001011011100010000001110100011010000110010100100000
0111011101101001011001000110010101101100011110010010000001110101
0111001101100101011001000010000001010101011011100110100101111000
0010000001000010011000010111001101101000001000000111001101101000
0110010101101100011011000010110000100000011101000110100001100101
0010000001100110011010010111001001110011011101000010000001101111
0110011000100000011101110110100001101001011000110110100000100000
0111011101100001011100110010000001100100011010010111001101100011
0110110001101111011100110110010101100100001000000110111101101110
0010000000110010001101000010000001010011011001010111000001110100
0110010101101101011000100110010101110010001000000011001000110000
0011000100110100001011100010000001001101011000010110111001111001
0010000001001001011011100111010001100101011100100110111001100101
0111010000101101011001100110000101100011011010010110111001100111
0010000001110011011001010111001001110110011010010110001101100101
0111001100101100001000000111001101110101011000110110100000100000
0110000101110011001000000111001101101111011011010110010100100000
0111011101100101011000100010000001110011011001010111001001110110
0110010101110010001000000110010001100101011100000110110001101111
0111100101101101011001010110111001110100011100110010110000100000
0111010101110011011001010010000001000010011000010111001101101000
0010000001110100011011110010000001110000011100100110111101100011
0110010101110011011100110010000001100011011001010111001001110100
0110000101101001011011100010000001110010011001010111000101110101
0110010101110011011101000111001100101100001000000110000101101100
0110110001101111011101110110100101101110011001110010000001100001
0110111000100000011000010111010001110100011000010110001101101011
0110010101110010001000000111010001101111001000000110001101100001
0111010101110011011001010010000001110110011101010110110001101110
0110010101110010011000010110001001101100011001010010000001110110
0110010101110010011100110110100101101111011011100111001100100000
0110111101100110001000000100001001100001011100110110100000100000
0111010001101111001000000110010101111000011001010110001101110101
0111010001100101001000000110000101110010011000100110100101110100
0111001001100001011100100111100100100000011000110110111101101101
0110110101100001011011100110010001110011001011100010000001010100
0110100001101001011100110010000001100011011000010110111000100000
0110000101101100011011000110111101110111001000000110000101101110
0010000001100001011101000111010001100001011000110110101101100101
0111001000100000011101000110111100100000011001110110000101101001
0110111000100000011101010110111001100001011101010111010001101000
0110111101110010011010010111101001100101011001000010000001100001
0110001101100011011001010111001101110011001000000111010001101111
0010000001100001001000000110001101101111011011010111000001110101
0111010001100101011100100010000001110011011110010111001101110100
0110010101101101001011100010000001000001011101000111010001100001
0110001101101011011001010111001001110011001000000110010101111000
0111000001101100011011110110100101110100011001010110010000100000
0101001101101000011001010110110001101100011100110110100001101111
0110001101101011001000000111011101101001011101000110100001101001
0110111000100000011010000110111101110101011100100111001100100000
0110111101100110001000000111010001101000011001010010000001101001
0110111001101001011101000110100101100001011011000010000001100100
0110100101110011011000110110110001101111011100110111010101110010
0110010100100000011000100111100100100000011000110111001001100101
0110000101110100011010010110111001100111001000000110001001101111
0111010001101110011001010111010001110011001000000110111101100110
0010000001100011011011110110110101110000011100100110111101101101
0110100101110011011001010110010000100000011000110110111101101101
0111000001110101011101000110010101110010011100110010000001110100
0110111100100000011100000110010101110010011001100110111101110010
0110110100100000011001000110100101110011011101000111001001101001
0110001001110101011101000110010101100100001000000110010001100101
0110111001101001011000010110110000101101011011110110011000101101
0111001101100101011100100111011001101001011000110110010100100000
0110000101110100011101000110000101100011011010110111001100100000
0110000101101110011001000010000001110110011101010110110001101110
0110010101110010011000010110001001101001011011000110100101110100
0111100100100000011100110110001101100001011011100110111001101001
0110111001100111001011100010000001010011011001010110001101110101
0111001001101001011101000111100100100000011000110110111101101101
0111000001100001011011100110100101100101011100110010000001110010
0110010101100011011011110111001001100100011001010110010000100000
0110110101101001011011000110110001101001011011110110111001110011
0010000001101111011001100010000001100001011101000111010001100001
0110001101101011011100110010000001100001011011100110010000100000
0111000001110010011011110110001001100101011100110010000001110010
0110010101101100011000010111010001100101011001000010000001110100
0110111100100000011101000110100001100101001000000110001001110101
0110011100100000011010010110111000100000011101000110100001100101
0010000001100100011000010111100101110011001000000110011001101111
0110110001101100011011110111011101101001011011100110011100100000
0111010001101000011001010010000001100100011010010111001101100011
0110011000010000010000000101001100010111010001011111101111100011


Problem... Last lines of beginning of encryption not the same as last line of ending of decryption

0110110001101111011100110111010101110010011001010010111000000000
0110011000010000010000000101001100010111010001011111101111100011

after fix...
0110110001101111011100110111010101110010011001010010111000000000
0110110001101111011100110111010101110010011001010010111000000000


rkeys

111000001011111001100110110011100000101100101011
111000001011111001100110110011100000101100101011
111000001011011001110110001101011100010110100010
111000001011011001110110001101011100010110100010
111000001011011001110110001101011100010110100010
111000001011011001110110001101011100010110100010
111000001011011001110110001101011100010110100010
111000001011011001110110001101011100010110100010
111000001011111001100110110011100000101100101011
111000001011011001110110001101011100010110100010
111000001011011001110110001101011100010110100010
111000001011011001110110001101011100010110100010
111000001011011001110110001101011100010110100010
111000001011011001110110001101011100010110100010
111000001011011001110110001101011100010110100010
111000001011111001100110110011100000101100101011


rkeys -1

111000001011111001100110110011100000101100101011
111000001011011001110110001101011100010110100010
111000001011011001110110001101011100010110100010
111000001011011001110110001101011100010110100010
111000001011011001110110001101011100010110100010
111000001011011001110110001101011100010110100010
111000001011011001110110001101011100010110100010
111000001011111001100110110011100000101100101011
111000001011011001110110001101011100010110100010
111000001011011001110110001101011100010110100010
111000001011011001110110001101011100010110100010
111000001011011001110110001101011100010110100010
111000001011011001110110001101011100010110100010
111000001011011001110110001101011100010110100010
111000001011111001100110110011100000101100101011
111000001011111001100110110011100000101100101011